222.582;555.88
226.411;535.734
226.83;529.925
269.326;472.13
248.178;518.121
236.523;519.191
215.764;568.83
249.672;507.2
239.367;536.016
224.913;532.441
262.167;500.088
263.155;486.825
245.134;518.318
209.301;556.903
263.701;499.831
242.624;526.194
268.308;544.173
236.416;540.6
257.908;543.577
246.187;538.254
249.976;543.442
260.024;545.223
219.026;567.756
270.466;550.495
224.061;534.263
233.94;562.772
211.675;558.408
248.611;539.125
269.053;546.085
239.592;532.434
216.477;567.01
248.192;502.648
267.241;492.878
224.364;559.495
271.036;517.141
220.177;540.001
240.789;553.052
270.611;512.156
224.106;546.661
257.436;489.692
270.776;504.191
270.046;529.902
214.847;543.047
247.374;518.666
241.41;510.138
269.054;487.169
259.987;506.562
245.58;516.09
260.354;499.089
266.428;499.656
221.674;541.871
268.428;541.241
226.66;567.959
205.918;565.126
254.858;556.605
268.627;483.174
243.646;560.74
259.541;492.918
270.817;520.045
249.563;551.196
229.334;528.57
234.684;560.787
266.606;535.071
261.619;541.834
250.922;563.518
235.396;524.248
211.302;555.6
242.044;534.066
250.067;552.697
270.072;488.057
221.549;568.347
203.701;569.748
268.653;557.404
235.389;534.113
265.164;542.586
206.403;561.156
212.799;552.938
242.399;542.464
233.74;535.957
219.218;538.707
268.373;489.805
231.502;550.94
250.525;531.475
223.21;539.615
267.847;529.626
263.783;477.9
264.828;531.71
247.365;522.625
250.212;505.179
231.18;539.792
250.198;540.964
223.663;530.024
247.364;524.968
270.724;496.483
261.657;490.026
265.447;528.155
226.801;563.514
252.919;535.19
214.324;569.976
219.801;550.188
213.559;549.78
253.345;502.985
262.365;553.818
236.577;549.142
244.676;524.971
264.805;537.688
256.055;501.658
263.526;494.496
262.37;535.878
254.062;504.653
236.366;563.948
221.794;539.066
208.38;569.648
268.825;509.797
239.178;543.36
229.119;525.745
265.239;512.954
256.88;551.541
253.445;556.802
233.996;560.026
206.473;567.849
196.081;569.724
261.308;556.653
248.542;563.969
225.927;534.228
256.951;525.319
254.943;554.09
271.433;508.498
209.065;555.392
215.844;560.643
246.148;559.367
232.194;522.341
209.418;561.917
225.335;539.852
229.029;530.851
220.752;545.283
256.773;495.569
232.203;535.273
255.362;543.164
261.281;496.485
252.04;506.256
266.758;486.081
269.644;498.612
253.606;554.21
228.087;549.99
231.734;533.854
208.391;571.075
255.28;537.934
255.216;546.436
242.656;518.372
237.932;545.817
265.274;560.713
267.242;496.117
258.812;484.65
251.615;544.979
250.939;538.871
252.171;548.341
266.893;553.761
242.852;544.501
260.941;537.074
254.663;523.035
265.097;486.616
266.018;521.417
233.697;518.166
270.83;525.278
237.309;515.227
227.587;539.733
230.981;553.505
260.973;520.15
234.205;522.722
267.52;521.096
261.682;487.692
231.969;531.981
266.822;488.309
211.509;568.482
271.712;512.428
256.716;517.388
250.618;558.438
229.123;537.43
267.379;542.495
259.866;495.85
217.011;543.165
231.783;529.69
249.263;560.708
270.933;477.904
215.747;547.207
262.315;543.619
259.894;551.98
261.712;525.562
256.943;533.158
231.365;538.19
241.488;522.655
260.633;558.995
234.92;527.478
227.052;533.107
259.064;509.383
256.37;520.92
235.179;552.726
263.274;481.731
233.261;528.233
268.449;504.755
267.574;502.177
248.229;527.827
270.091;510.316
245.825;550.002
261.532;514.857
239.118;527.097
212.803;548.654
255.813;504.268
243.264;555.72
197.628;571.061
227.243;542.564
230.1;532.084
256.964;548.152
243.278;537.938
244.072;551.095
246.445;540.016
247.362;500.401
266.332;475.113
250.213;542.063
256.955;505.071
239.135;538.692
248.182;546.207
247.978;516.497
269.812;522.583
222.036;534.421
251.6;528.022
265.118;484.225
258.028;523.189
253.931;521.29
259.512;501.645
218.688;542.29
268.092;486.527
206.033;569.799
251.213;523.536
225.293;554.651
234.157;534.366
228.964;533.386
237.138;523.769
245.322;556.984
263.894;507.648
241.222;565.423
238.303;535.923
200.201;570.834
250.44;555.394
228.561;547.012
202.173;564.173
201.631;568.448
247.467;542.639
229.741;567.395
244.072;545.719
224.987;537.173
254.231;542.009
228.205;534.736
234.451;558.617
213.101;565.146
212.83;562.496
211.922;560.732
268.123;477.297
238.181;516.576
214.608;551.766
258.073;561.987
247.027;562.431
255.039;497.803
256.314;487.718
239.823;513.101
267.269;519.965
257.217;527.83
249.179;535.215
248.804;508.481
254.761;527.513
256.239;526.092
256.043;492.727
233.847;537.085
224.839;550.262
268.556;515.216
208.329;565.187
251.434;519.68
234.087;538.982
262.064;533.091
246.661;504.57
237.297;514.025
236.974;535.971
242.925;549.424
241.857;563.493
270.356;533.349
269.176;527.178
268.123;512.03
221.317;536.87
271.122;538.263
266.363;533.21
259.882;548.744
196.751;573.306
235.846;537.336
266.144;472.603
259.954;486.269
245.045;547.538
217.292;554.849
262.485;497.471
270.792;466.5
237.678;531.581
252.703;562.185
258.083;499.281
208.602;572.085
264.399;540.093
252.894;499.015
258.174;535.659
268.883;537.354
253.525;519.339
270.562;469.011
204.339;571.448
259.98;529.707
258.576;546.727
243.996;552.608
251.354;508.952
227.566;556.018
266.494;506.146
230.181;536.166
232.954;541.405
204.992;572.679
221.957;552.467
230.799;560.049
245.331;528.351
258.737;512.895
252.328;554.252
234.847;547.12
265.349;503.89
232.937;554.948
230.575;524.037
243.254;562.77
239.883;529.87
253.232;551.384
262.01;510.832
237.349;512.588
268.551;508.67
236.298;560.671
262.225;508.955
227.996;565.724
217.665;559.732
261.802;512.94
199.727;573.113
242.683;530.639
237.641;558.771
222.207;561.665
256.913;560.445
267.233;549.4
227.725;538.203
253.495;559.195
220.606;554.866
252.252;516.096
238.843;551.197
261.342;561.153
241.383;515.904
257.069;497.57
249.677;520.195
238.429;522.976
244.921;535.917
263.378;527.112
232.637;557.982
259.739;497.996
194.821;573.897
270.201;494.21
262.731;521.65
233.91;544.681
234.593;556.933
240.847;525.307
237.138;533.975
237.646;557.002
240.966;540.627
217.993;548.25
270.315;473.216
241.386;548.842
239.881;519.65
248.959;542.562
263.313;550.638
263.444;545.105
249.606;511.14
254.952;524.749
257.848;540.144
262.318;559.271
248.266;552.514
206.137;571.39
249.196;525.18
202.741;573.143
249.745;515.442
239.743;548.452
264.321;499.049
263.239;516.401
252.643;495.246
249.688;502.043
229.959;543.148
244.606;541.431
216.356;563.916
252.283;520.474
230.37;565.329
264.353;491.922
252.54;540.943
223.236;566.068
259.213;518.564
271.056;484.094
220.035;565.247
214.296;545.947
266.457;487.501
257.488;486.537
260.353;522.241
233.271;548.764
251.92;501.252
240.918;536.807
266.946;523.72
270.558;507.06
269.342;507.771
232.553;536.804
248.126;550.34
233.471;531.571
209.664;566.701
237.369;552.803
208.035;558.296
259.017;504.287
202.327;570.236
257.422;554.633
264.568;557.39
268.82;506.776
238.09;565.068
265.685;489.471
262.531;484.517
271.532;463.946
244.459;506.957
262.093;546.389
270.923;491.937
254.031;508.523
262.659;503.02
271.173;555.704
265.397;546.517
260.117;524.905
255.662;507.252
267.027;531.084
218.465;552.219
267.247;479.915
269.46;475.173
226.832;558.987
257.75;556.411
246.341;533.3
236.079;530.204
271.165;545.649
245.226;520.961
247.956;530.959
215.561;549.6
264.647;497.191
219.883;560.078
235.568;514.524
240.74;555.66
236.719;555.287
266.353;509.368
270.982;514.457
224.958;543.304
241.846;506.644
225.34;561.724
253.856;511.491
270.12;559.647
231.404;532.74
239.751;560.656
213.167;569.655
192.438;574.685
247.201;554.326
224.127;541.065
254.797;515.142
270.649;501.171
229.93;556.22
221.576;550.178
250.91;502.633
199.144;567.099
247.049;509.043
271.371;473.473
244.536;510.748
265.172;559.353
256.465;558.191
270.295;490.21
254.194;530.609
267.93;539.468
232.494;565.04
214.52;556.367
264.633;521.73
265.955;518.545
216.368;570.421
216.332;551.414
236.441;546.784
267.777;517.457
262.816;518.856
245.319;513.273
270.624;542.001
251.039;525.917
216.41;545.079
228.633;553.07
258.717;496.947
236.472;526.404
259.843;538.363
216.621;540.291
256.407;481.984
279.3;447.614
212.21;546.512
258.848;478.288
249.018;487.89
255.787;479.237
257.982;483.85
245.279;494.658
262.15;467.219
273.71;448.419
230.467;518.723
254.047;485.655
258.22;473.847
263.733;464.728
268.924;457.524
244.274;500.241
266.38;464.457
255.553;483.415
267.601;467.892
259.546;472.174
252.571;486.791
257.323;479.902
237.96;509.418
240.764;501.531
271.16;455.711
235.503;508.516
282.263;438.767
229.233;521.909
252.735;492.265
236.538;510.505
235.289;511.925
208.206;553.612
278.703;440.376
217.418;538.273
266.358;469.969
248.08;493.331
256.234;476.61
268.436;462.356
253.679;489.85
273.34;454.351
238.417;506.505
256.989;478.136
210.17;549.423
270.513;459.656
266.737;460.59
250.907;487.121
253.204;480.757
271.956;452.056
262.493;473.506
240.233;504.477
258.534;475.977
250.112;492.256
275.615;453.956
290.536;422.334
244.431;497.618
283.151;432.87
262.054;470.085
239.715;508.157
293.405;417.133
251.609;489.607
253.384;490.885
282.654;435.71
269.118;465.274
243.141;502.648
272.536;452.963
252.955;488.63
289.107;427.343
272.248;460.053
260.71;476.78
286.934;432.122
264.819;468.457
233.201;512.916
248.642;497.157
284.312;434.305
280.773;442.278
276.797;446.581
258.957;481.351
227.39;520.501
250.222;489.995
232.297;515.016
276.43;451.194
278.01;443.815
285.312;433.33
309.502;454.587
290.831;445.476
325.626;489.187
297.731;464.388
281.275;464.355
319.406;473.653
334.215;493.025
311.422;489.242
296.651;460.722
322.197;479.02
305.685;439.092
309.227;436.085
305.383;472.063
287.376;460.289
334.795;487.186
311.957;425.762
315.798;488.513
285.475;454.117
325.203;467.831
290.046;439.344
291.485;449.365
325.951;470.134
303.117;428.033
324.62;456.955
312.562;495.956
311.726;477.662
305.985;448.858
295.451;475.788
305.265;435.025
300.373;428.031
316.597;480.963
309.25;442.738
309.815;432.988
311.35;487.01
305.02;425.619
285.818;451.968
299.979;447.559
298.791;474.455
348.261;523.329
326.492;494.969
318.908;498.918
295.044;454.196
309.879;423.131
286.653;438.767
325.133;482.855
280.394;463.862
287.179;469.48
308.498;490.893
297.998;483.6
304.557;447.437
320.728;469.121
330.367;472.743
332.271;482.691
276.511;457.605
315.527;433.27
322.208;454.122
314.009;430.65
303.451;464.1
299.866;454.226
310.774;464.374
317.098;468.524
322.137;493.981
287.11;441.37
347.309;521.033
322.008;485.802
314.676;469.166
324.46;486.619
306.893;423.63
331.162;479.229
305.112;465.889
314.393;439.815
291.559;465.894
321.829;489.185
312.381;492.23
308.583;417.009
323.97;469.204
307.339;425.679
302.697;475.268
291.738;478.012
317.876;482.385
285.726;459.945
300.887;441.702
307.292;456.936
289.573;464.296
327.829;507.38
317.204;492.914
301.191;472.226
301.601;457.001
286.105;461.764
298.649;424.034
312.182;482.31
288.558;442.709
311.614;471.772
291.153;451.7
293.959;464.161
345.617;517.035
284.975;456.248
306.14;442.909
301.041;445.556
302.194;416.829
289.378;454.747
306.295;432.235
327.08;463.954
323.275;476.412
350.091;525.004
341.368;515.799
297.366;448.772
309.721;468.338
310.633;421.108
303.233;406.168
278.715;463.278
310.371;493.569
315.521;486.645
323.425;466.865
324.68;505.239
322.796;457.824
285.37;468.012
313.802;494.387
309.856;428.784
311.162;458.552
313.666;465.256
336.481;513.803
326.047;491.646
343.289;515.211
318.295;471.872
335.392;489.668
300.825;474.426
278.84;454.099
316.623;458.67
302.141;450.877
333.602;499.648
334.032;484.258
274.474;458.099
292.366;426.601
313.93;428.318
309.412;463.423
321.314;501.79
324.423;503.007
325.743;460.516
344.737;511.271
303.332;469.319
283.482;443.484
316.207;471.779
308.699;448.146
327.762;478.019
317.95;477.443
302.923;487.274
320.907;488.117
307.32;460.937
279.186;459.604
313.815;497.04
314.501;455.261
331.691;503.448
334.159;485.941
303.989;462.104
314.226;478.757
321.95;461.834
304.561;453.62
311.784;437.209
330.538;487.354
333.065;478.846
299.682;484.254
284.772;458.143
338.078;500.397
331.373;500.085
318.936;463.455
311.197;445.441
284.506;440.411
289.912;433.022
320.005;490.617
303.482;449.737
334.281;501.938
327.887;465.946
273.88;461.145
337.974;512.261
341.079;503.058
286.129;474.328
275.33;464.255
309.665;425.814
311.033;475.655
307.286;464.732
304.765;487.88
317.77;455.928
309.238;476.541
283.457;447.015
330.973;490.918
307.67;420.559
316.983;439.164
308.829;478.043
327.913;497.446
305.101;417.696
308.258;428.222
303.138;425.588
319.247;468.012
309.329;486.595
320.087;483.725
305.01;429.137
305.953;489.683
323.978;492.4
297.37;452.492
319.179;458.439
314.734;495.813
289.82;460.846
304.372;456.144
320.342;481.417
322.947;460.011
292.36;455.324
311.881;452.929
323.307;497.019
296.673;424.058
299.181;421.728
285.333;445.909
302.974;455.18
317.479;444.264
282.73;470.719
288.402;462.236
298.472;438.78
299.642;451.072
311.653;423.152
337.089;495.872
302.902;443.169
292.66;441.84
315.124;485.922
307.194;452.524
286.858;448.558
291.602;470.94
336.308;503.516
342.986;509.353
331.29;496.098
305.803;427.513
328.405;482.87
294.73;456.829
288.504;475.746
332.214;489.293
308.328;424.765
299.846;458.737
287.16;445.647
286.055;436.416
303.344;457.04
313.072;430.657
275.76;460.135
340.649;506.142
297.396;457.157
298.37;430.42
326.64;467.211
293.244;433.282
304.277;480.395
337.322;507.414
312.341;473.878
285.492;449.85
325.43;497.608
339.865;516.698
304.267;410.032
310.572;419.547
312.282;427.598
316.048;474.71
313.747;447.047
324.627;491.862
317.018;485.709
291.495;435.903
293.547;422.201
284.758;472.315
288.119;451.304
324.107;473.803
311.687;448.81
294.74;462.18
325.668;463.501
284.94;444.503
310.997;480.021
312.766;486.054
296.084;478.375
306.76;436.162
282.781;450.734
325.594;466.008
296.28;470.237
288.468;472.832
311.337;439.506
314.084;466.89
318.767;453.917
298.973;480.117
318.669;440.072
323.109;490.003
288.702;435.259
275.505;456.199
336.193;505.922
303.06;447.191
328.03;486.172
297.366;459.248
286.839;464.277
294.326;459.562
324.896;459.2
301.667;454.918
313.882;485.789
330.178;498.715
323.311;481.61
307.358;437.754
332.215;509.571
307.172;412.442
310.904;430.155
316.775;497.054
295.775;458.236
303.04;477.849
316.626;473.519
328.085;470.215
290.751;426.93
288.741;448.729
318.958;478.726
313.249;443.492
293.918;451.482
298.889;441.516
314.254;429.276
316.153;448.977
309.06;483.619
288.886;446.016
320.592;456.862
315.68;476.876
296.316;416.716
308.304;434.395
297.985;472.362
317.599;475.73
308.766;439.042
334.416;512.68
308.701;423.394
307.023;428.174
290.138;458.48
322.51;471.648
280.313;456.269
314.834;431.58
325.332;479.151
319.251;486.433
320.299;447.999
345.563;513.587
280.545;467.449
325.701;499.477
328.711;491.323
295.834;481.63
283.517;469.75
294.149;429.198
294.256;446.606
303.636;459.46
298.927;461.901
313.061;434.231
320.573;459.395
301.167;413.845
302.128;438.594
296.836;420.969
341.225;512.83
313.24;460.535
338.955;509.421
343.618;520.508
320.969;471.033
277.059;455.586
320.307;477.054
331.569;506.238
318.383;441.552
302.697;471.675
299.383;464.087
290.733;464.817
312.586;441.606
313.615;490.505
289.516;430.455
328.132;475.039
283.522;461.508
315.824;442.358
305.56;414.909
322.626;499.381
297.497;426.378
299.983;469.688
296.294;441.143
344.407;518.965
334.437;505.534
281.112;470.465
306.498;486.054
312.113;494.606
317.746;451.942
328.851;504.85
307.268;478.989
313.634;427.253
310.224;440.903
294.874;436.249
311.998;432.249
296.729;465.537
289.48;468.02
325.196;490.373
315.624;436.18
300.463;449.231
324.836;462.066
289.437;437.115
301.471;419.914
330.273;474.815
282.159;464.112
294.476;466.25
291.925;438.367
305.722;482.79
302.182;434.073
301.983;482.205
292.288;462.572
323.493;465.377
304.598;421.625
322.269;464.136
288.411;439.667
301.601;424.329
305.012;445.76
293.027;474.276
328.592;500.496
298.36;444.523
303.608;430.655
313.883;474.775
321.086;496.828
293.84;468.349
307.806;472.621
312.538;429.59
347.002;516.337
283.61;465.06
326.994;504.564
299.904;423.668
305.243;407.529
326.618;501.8
301.921;485.282
314.707;482.444
300.884;466.792
280.078;451.857
314.827;462.928
298.242;435.031
301.731;463.025
314.608;484.359
265.726;405.031
210.881;406.033
273.687;405.435
265.948;418.608
200.336;461.194
237.944;442.518
200.086;470.076
264.622;406.795
240.321;423.468
269.212;404.54
251.18;401.022
212.245;449.102
289.305;405.142
218.69;408.858
235.212;414.814
229.23;435.733
210.103;433.411
222.041;432.825
211.677;426.371
200.085;451.848
201.36;436.417
226.69;412.217
247.816;435.395
193.045;453.651
255.783;419.431
208.919;431.1
197.113;467.949
213.75;461.845
220.369;411.162
194.945;430.991
199.113;423.695
194.71;414.208
275.419;415.643
237.662;415.217
247.795;432.971
194.795;463.519
208.423;408.494
282.693;407.196
201.91;453.036
294.089;400.962
206.152;412.28
268.64;419.967
213.152;428.887
208.508;438.923
241.992;408.97
235.595;424.072
202.539;421.294
233.074;435.843
214.013;446.809
229.423;443.078
258.838;418.251
202.12;419.238
193.662;426.098
194.409;422.723
196.725;406.276
229.706;412.432
254.91;411.249
276.539;409.995
228.447;437.947
254.183;421.321
241.911;440.773
193.2;405.664
198.873;413.816
248.021;425.711
212.003;420.151
198.118;416.22
193.341;441.596
217.993;419.44
196.544;459.872
284.767;408.1
229.608;444.951
218.878;433.773
217.864;405.123
270.22;418.297
298.717;401.41
251.371;435.33
210.203;465.705
235.962;435.74
258.636;429.249
210.119;411.126
267.74;406.292
233.411;431.996
239.954;415.981
206.967;417.661
288.316;410.049
232.538;450.913
195.123;435.195
229.417;433.825
208.266;441.71
257.864;403.072
262.37;424.365
195.448;454.627
205.114;414.879
202.703;413.844
196.197;409.073
205.366;454.736
241.035;405.499
253.42;434.474
223.519;421.826
256.19;426.707
277.363;411.643
191.782;462.506
231.683;426.884
236.839;430.362
204.786;464.265
203.43;461.407
192.847;458.184
197.475;448.99
265.69;420.705
211.49;401.065
229.065;451.283
262.495;403.759
231.815;406.433
225.889;422.513
206.148;462.735
213.726;415.001
214.189;441.846
197.326;420.835
215.351;421.599
196.014;457.612
285.366;413.6
223.11;436.139
195.211;447.629
202.907;433.422
236.094;417.242
225.209;449.068
201.635;443.187
222.345;413.679
206.322;407.279
224.193;428.565
223.989;432.337
248.06;403.846
201.151;415.634
204.395;407.407
262.014;413.136
258.577;424.463
265.991;419.951
243.496;437.237
199.603;466.91
240.644;426.203
193.826;428.357
222.91;415.489
197.989;440.796
227.43;445.319
224.498;401.256
253.892;405.589
221.128;447.428
272.667;412.64
204.587;425.094
196.162;440.743
227.166;435.037
194.872;440.541
201.969;423.184
191.392;474.926
218.764;452.604
229.346;403.823
278.026;409.327
216.949;449.531
195.471;472.287
246.534;411.638
229.371;430.494
206.795;458.203
238.079;434.44
218.987;459.418
266.73;403.151
200.194;464.742
233.409;446.383
220.116;416.339
266.697;426.714
247.987;423.18
235.596;428.304
206.249;415.993
210.068;401.991
215.482;406.59
264.153;426.463
211.704;460.485
251.324;437.882
205.609;448.754
228.436;447.63
203.883;417.784
257.383;416.127
217.437;426.434
211.987;413.707
248.813;418.187
241.554;428.169
253.573;401.254
240.767;419.219
208.929;435.447
223.391;434.581
235.063;437.991
201.635;417.456
215.851;418.596
217.684;446.258
221.274;444.682
256.147;423.721
221.98;437.922
213.051;406.965
244.654;409.88
246.051;415.918
192.875;435.527
194.199;454.91
232.871;410.812
237.903;422.387
197.954;433.228
205.59;404.406
239.146;430.647
207.592;464.702
200.631;448.71
225.329;447.304
261.776;416.504
226.663;429.925
241.639;430.848
226.255;432.742
198.557;437.59
280.525;402.876
244.627;423.862
218.76;443.176
208.177;403.505
207.937;452.181
211.286;415.65
213.91;418.44
269.107;425.297
204.746;420.2
194.498;451.03
199.375;456.294
208.929;420.593
216.989;406.005
205.971;435.36
233.348;420.186
197.493;446.069
266.813;407.516
216.655;415.905
251.312;413.623
199.587;446.299
239.032;408.3
226.781;448.911
192.544;420.51
226.17;436.586
270.351;407.521
263.832;411.737
213.323;457.384
203.468;411.077
216.864;422.126
231.348;440.851
242.402;420.849
272.007;409.007
204.704;405.842
225.792;404.473
241.218;402.131
210.085;424.482
226.061;440.053
220.11;419.954
224.998;438.041
279.965;416.677
220.337;407.467
204.944;418.969
202.662;405.848
194.12;476.671
218.337;430.175
232.363;434.199
261.296;425.482
198.047;447.303
203.871;441.344
252.155;415.754
205.671;438.258
227.266;440.748
203.009;468.241
196.169;474.16
248.424;438.637
201.692;407.58
218.923;439.766
225.99;443.385
213.481;434.873
214.094;416.348
197.533;457.646
221.609;424.192
219.633;404.833
243.919;403.391
238.915;438.793
250.957;409.958
260.474;421.233
236.672;419.795
230.264;434.814
201.16;430.137
230.187;409.589
245.287;429.892
228.455;432.928
196.56;462.321
202.996;457.011
208.063;453.917
247.647;428.995
201.451;426.196
248.462;413.477
245.116;440.723
206.55;467.128
210.15;417.34
273.612;416.434
255.529;404.255
233.471;423.122
205.093;429.151
222.621;408.261
197.428;470.405
264.124;417.66
204.86;401.933
211.037;462.578
218.386;422.813
193.18;444.787
274.231;418.3
222.869;419.76
258.119;411.882
227.579;409.816
281.783;405.785
200.646;421.003
200.768;473.364
254.046;418.962
272.682;420.906
201.041;402.419
228.565;440.702
210.687;438.212
280.297;413.637
198.992;462.303
218.613;413.677
235.834;407.456
225.905;455.833
251.831;425.278
231.095;420.931
192.469;431.44
209.024;449.95
269.492;412.468
264.525;400.84
218.317;402.224
212.787;411.694
196.644;430.394
249.481;430.509
266.133;412.726
230.851;446.281
215.255;412.175
251.14;433.422
221.844;429.515
207.646;436.743
260.411;400.96
259.915;424.272
275.78;419.392
240.862;434.806
213.301;453.118
203.605;420.647
220.104;418.52
199.304;444.322
207.309;423.235
234.519;443.272
236.247;432.239
262.394;400.825
207.732;446.173
267.209;420.293
252.777;428.872
200.455;417.485
255.85;414.247
243.845;426.132
202.842;416.158
203.229;447.883
203.656;451.148
246.794;421.0
247.132;440.066
218.759;455.724
197.597;418.334
208.335;414.017
270.335;402.057
230.968;432.099
244.827;427.613
199.381;447.779
226.664;407.162
271.405;416.449
214.556;425.341
292.562;403.49
229.514;423.484
260.808;408.293
267.7;401.331
206.821;425.499
205.25;421.611
196.231;424.397
237.759;426.604
193.89;466.494
237.857;417.454
192.342;480.202
265.919;424.262
214.902;402.552
276.647;402.176
210.988;458.764
215.915;460.34
242.034;400.447
226.056;426.399
245.957;401.43
254.845;417.18
217.282;431.825
249.311;401.486
255.322;430.955
270.748;420.108
250.726;436.444
222.092;441.092
264.53;403.663
257.595;425.176
230.953;415.322
252.265;418.079
231.824;443.475
254.357;423.202
197.295;426.681
198.036;451.556
224.945;408.605
266.838;422.789
279.563;407.329
201.831;446.177
259.572;427.204
193.527;471.31
219.08;422.333
273.628;414.103
267.668;415.394
225.45;451.255
196.337;444.595
278.335;408.45
245.047;435.177
262.078;428.234
212.886;423.982
199.603;410.486
222.773;454.018
211.23;444.738
216.539;438.303
243.824;430.976
197.847;428.913
269.361;416.262
217.023;410.477
203.787;412.528
223.491;447.376
263.784;421.799
223.508;444.677
219.697;421.147
213.573;401.199
238.724;402.324
280.48;410.813
263.27;402.067
221.43;419.317
291.006;407.535
230.848;417.897
231.686;449.013
222.392;404.376
257.292;420.566
260.741;403.92
252.067;407.038
192.532;446.932
244.027;417.699
234.727;402.23
296.724;404.823
234.0;417.719
286.533;401.2
207.207;433.189
235.434;412.414
248.666;406.702
246.174;406.747
198.025;403.856
206.637;420.867
272.683;403.997
217.73;424.0
273.85;409.71
219.42;428.223
209.546;457.054
273.118;401.084
204.001;409.235
276.314;406.081
223.324;416.998
225.545;414.068
242.494;423.124
276.656;413.676
222.316;449.961
208.181;437.474
197.852;431.309
228.122;414.421
232.208;438.174
250.358;432.033
215.73;430.004
266.931;417.132
209.29;428.165
241.234;412.924
273.303;406.707
196.705;454.925
204.081;422.496
225.789;416.191
233.348;429.474
251.578;420.706
266.462;409.507
226.829;418.411
269.393;417.562
293.153;407.486
214.106;409.558
207.678;461.671
237.935;446.501
285.699;404.067
199.943;459.14
284.74;411.478
223.865;411.491
150.079;432.98
183.752;408.058
159.324;424.417
150.4;435.031
185.835;454.026
163.843;448.038
161.804;432.185
175.744;412.337
185.097;444.217
174.394;460.343
173.381;416.402
180.807;418.921
168.479;415.04
177.076;415.258
178.366;469.129
151.953;421.016
167.932;449.057
171.353;421.324
179.527;430.22
183.016;448.742
191.787;409.877
142.801;429.27
148.332;442.533
182.94;426.514
187.644;459.905
182.573;415.068
153.059;416.097
178.977;419.494
190.182;407.868
185.925;407.692
146.534;429.316
189.326;456.835
146.671;419.476
181.787;459.958
192.647;401.789
169.577;435.073
177.136;460.295
158.068;413.998
122.105;436.777
166.59;461.285
153.568;451.109
174.269;420.081
187.175;429.63
142.679;440.97
158.905;447.783
171.814;451.829
185.43;414.476
137.687;439.077
180.993;457.728
169.739;433.131
191.23;449.598
190.528;453.613
136.13;427.512
140.374;432.596
153.155;443.806
155.157;448.441
156.67;454.947
136.349;423.368
150.144;427.058
164.845;424.533
184.809;423.777
190.997;442.361
170.633;460.004
144.672;446.433
183.185;423.849
169.984;456.292
184.101;432.682
182.15;407.41
145.541;442.072
162.896;439.307
142.583;422.601
148.633;421.296
164.284;422.655
174.226;409.199
148.838;431.083
181.951;462.67
169.783;461.35
129.88;426.013
132.326;425.016
186.497;421.244
134.691;438.005
175.629;433.938
180.44;427.215
133.649;444.574
167.277;434.053
127.038;428.315
140.292;440.258
150.284;448.733
189.555;434.322
152.587;448.055
187.787;475.563
160.422;455.626
187.719;433.012
162.404;421.869
174.675;411.372
167.902;423.574
156.691;434.448
152.605;441.562
188.337;470.07
186.996;423.122
183.411;405.473
173.754;467.946
145.089;450.947
176.774;440.35
154.068;421.141
151.157;453.43
174.148;422.618
165.217;451.513
178.976;437.023
144.484;448.738
139.907;429.864
167.2;426.962
170.027;417.849
177.914;427.188
169.456;452.329
154.571;444.134
134.935;443.266
139.904;447.929
183.483;410.663
177.284;419.232
167.02;459.501
148.757;444.563
164.299;417.972
142.122;446.39
190.491;436.018
164.967;458.647
170.004;439.242
157.041;416.48
188.408;441.181
187.122;456.196
169.225;430.87
150.878;431.757
125.042;437.961
190.252;447.514
166.103;463.248
168.304;459.738
136.489;442.637
127.491;426.865
148.775;424.323
188.65;421.817
175.216;452.344
155.595;415.414
156.513;428.591
153.804;455.62
187.673;404.961
136.585;441.336
174.836;456.361
144.12;427.802
188.335;436.911
182.368;455.811
189.111;406.508
187.659;408.544
145.495;440.17
146.599;442.756
190.872;427.975
183.812;456.271
115.976;432.047
161.14;449.32
181.462;441.629
190.795;470.163
186.527;449.55
186.213;457.958
181.476;435.252
188.227;427.658
142.855;437.924
176.466;407.584
162.798;435.464
167.193;454.334
139.67;425.85
142.371;435.467
142.003;433.961
124.346;431.217
185.548;403.732
184.852;412.281
186.392;426.199
162.441;442.974
185.304;471.608
190.688;423.351
145.17;443.884
143.748;444.508
127.722;433.595
166.494;435.302
137.14;435.063
172.685;460.339
131.572;432.692
164.725;426.542
134.437;444.35
156.416;430.161
186.262;434.868
133.542;434.192
146.771;437.519
119.558;434.058
182.88;428.535
152.525;418.745
152.724;431.057
162.234;418.928
185.693;469.297
146.765;445.807
182.22;453.319
178.55;463.974
180.788;471.98
187.702;402.356
164.16;429.773
191.604;412.766
122.637;433.826
177.924;443.348
133.08;441.554
170.413;427.391
159.04;452.783
131.209;427.503
181.159;408.568
173.351;437.151
158.563;440.786
157.683;457.801
179.312;408.176
176.878;412.914
153.834;429.68
170.179;451.269
172.226;428.791
175.158;463.841
167.345;457.894
170.847;466.565
185.234;466.064
181.616;466.376
154.539;426.476
172.224;418.546
176.143;409.948
147.782;452.535
178.34;467.453
165.198;436.702
190.401;425.639
159.237;430.377
140.118;443.177
154.462;437.997
152.395;417.202
166.366;460.192
152.831;422.283
180.867;424.538
169.112;437.571
159.986;415.635
128.278;430.901
146.69;431.98
178.662;470.462
175.488;429.544
120.871;430.19
125.632;429.217
150.387;441.868
184.881;440.778
155.214;441.733
155.984;420.898
152.172;426.585
132.016;438.367
150.795;446.79
128.36;436.241
172.003;432.552
171.569;458.065
172.139;446.115
157.736;426.608
169.028;450.035
175.172;443.727
187.126;404.065
184.79;434.717
173.775;465.907
167.597;420.261
187.031;406.052
146.175;435.078
177.152;450.133
151.812;438.874
146.322;424.648
183.215;430.761
147.708;449.333
182.798;408.598
182.404;420.686
169.47;441.153
180.146;405.973
159.323;437.192
185.748;410.913
178.226;455.676
171.507;425.275
152.038;445.299
166.778;446.022
136.656;444.743
187.225;416.073
169.92;423.493
142.755;443.172
147.995;435.041
160.429;434.692
156.405;438.698
171.142;417.433
190.275;439.138
171.095;464.879
175.155;415.188
172.713;439.475
188.48;466.243
178.357;412.993
168.604;464.263
184.847;421.602
163.555;413.207
122.511;428.291
176.85;424.055
148.879;438.568
144.32;442.06
160.265;444.755
188.572;412.569
190.773;432.988
190.894;417.441
156.802;444.076
177.321;421.075
186.816;440.734
168.487;428.862
189.195;403.606
165.384;453.56
161.575;427.393
188.803;451.266
167.007;416.792
189.594;429.948
169.3;450.934
131.664;425.897
157.027;431.794
179.061;410.559
144.876;433.118
173.102;412.104
163.351;460.9
156.488;451.717
141.939;444.537
185.158;437.944
129.128;440.255
131.809;443.231
132.832;430.315
154.227;423.637
179.539;447.645
153.439;435.855
124.889;434.714
168.545;452.984
176.201;467.653
175.544;436.379
130.906;435.853
164.678;456.059
174.483;424.671
184.822;463.57
180.096;454.354
178.307;416.871
159.407;418.44
160.94;458.554
180.805;469.539
149.088;451.266
150.949;423.713
161.936;453.716
186.099;409.703
147.897;426.846
164.6;432.49
143.553;426.117
172.136;463.114
184.805;458.042
184.027;435.815
178.61;424.34
133.714;427.429
151.605;450.238
191.674;437.536
171.772;409.313
149.013;446.21
152.832;433.586
182.221;468.855
160.881;420.733
159.31;445.942
144.832;430.999
180.093;413.47
184.152;473.717
169.053;412.061
173.935;432.067
187.91;462.633
183.262;451.625
181.883;410.052
159.362;421.925
190.537;478.273
188.067;409.913
137.204;429.849
152.537;447.003
175.31;447.403
156.011;446.208
168.156;461.886
135.015;425.79
143.167;431.639
173.18;442.372
139.039;445.76
145.286;434.742
188.085;445.649
166.827;442.107
186.356;419.052
123.965;428.112
162.61;451.656
178.468;445.159
195.34;546.67
224.107;485.956
205.411;525.864
203.263;525.619
252.45;444.299
212.45;503.289
255.371;456.956
259.869;444.056
226.832;460.205
242.278;466.705
212.974;474.507
234.876;455.971
197.851;532.93
246.427;446.056
275.541;424.473
218.363;514.321
206.772;507.838
218.5;520.859
263.365;442.502
239.903;481.101
236.736;470.27
201.289;551.298
215.966;485.317
243.942;456.133
202.739;494.223
259.408;460.388
234.981;463.599
204.412;528.753
198.984;525.554
195.811;493.423
280.818;419.792
273.063;427.258
249.264;469.039
207.16;551.483
193.74;550.372
221.586;520.77
208.483;487.893
213.077;541.517
264.924;431.285
204.55;496.172
242.917;463.293
203.53;514.787
219.763;484.4
207.517;518.672
203.993;527.175
202.16;539.99
217.58;508.576
213.554;511.824
207.306;481.605
284.092;416.296
227.389;517.82
255.334;464.88
236.765;458.929
239.696;479.723
192.64;568.627
232.411;508.232
207.213;490.781
224.379;496.249
225.309;492.81
212.523;542.652
221.988;481.155
198.507;491.23
221.443;472.809
198.181;477.359
214.317;532.554
209.488;484.568
208.061;531.363
200.787;489.745
228.776;462.408
223.369;460.155
205.74;531.274
201.073;518.079
231.231;508.23
208.562;493.914
232.338;453.572
232.959;460.259
231.694;491.974
277.772;420.022
278.967;430.042
240.209;486.299
257.207;463.953
218.866;469.865
223.277;477.67
199.475;560.501
264.915;454.663
198.584;480.238
268.731;436.562
260.507;450.196
198.843;513.861
269.782;430.115
201.107;478.843
209.863;492.422
208.452;495.679
221.328;483.293
235.533;482.521
193.281;485.304
237.398;467.91
220.52;527.164
205.538;548.457
234.684;472.381
205.219;471.833
232.976;482.148
251.013;473.361
234.217;452.08
223.975;526.0
201.279;537.464
221.924;504.741
220.245;463.587
244.271;473.806
211.369;543.985
251.44;470.14
211.084;495.585
205.401;543.739
241.343;470.513
196.564;500.614
213.385;482.003
262.776;457.473
198.25;541.709
274.435;422.848
197.207;563.116
259.3;455.377
256.74;434.294
200.676;558.205
199.631;540.513
208.795;536.652
203.623;537.823
202.463;519.841
219.032;481.68
248.135;462.644
198.614;517.178
193.4;534.102
194.791;544.448
274.056;434.021
234.272;458.109
204.918;510.025
224.466;520.62
237.026;504.265
205.865;513.146
200.819;501.327
211.696;535.045
211.147;522.267
194.77;548.823
268.984;438.363
214.243;498.285
220.636;495.999
212.538;519.187
279.926;427.752
230.067;466.468
226.444;486.183
226.383;476.761
202.725;517.308
204.655;518.197
245.292;483.592
253.604;454.85
201.769;521.009
242.325;473.754
205.641;540.558
198.305;550.218
235.761;493.393
277.306;437.662
265.719;441.493
281.487;431.743
259.933;452.795
196.715;509.454
205.197;536.054
241.431;484.047
243.119;451.1
247.423;485.796
204.98;505.633
241.834;477.261
221.988;516.324
192.27;543.548
210.487;488.482
191.26;500.731
255.277;460.175
204.059;551.445
274.453;444.155
202.311;553.771
195.199;542.308
244.756;447.601
248.987;478.758
225.007;523.282
237.753;479.37
214.896;490.853
239.414;460.275
194.587;501.123
220.52;467.816
205.547;542.546
211.379;471.751
283.722;427.05
258.798;458.411
230.842;511.651
232.83;495.575
259.702;432.823
244.566;477.547
238.139;482.491
250.798;476.854
259.058;467.563
237.928;485.719
217.063;482.903
247.852;470.776
223.55;482.369
194.523;506.618
252.439;461.328
211.687;526.964
193.617;495.495
231.596;477.765
251.271;449.959
203.595;503.466
255.026;450.404
199.823;550.939
193.775;499.284
269.157;433.167
216.123;500.977
234.983;490.093
233.873;475.728
267.968;434.164
214.749;494.171
216.654;531.857
224.99;489.973
243.207;457.861
281.204;427.343
237.172;454.481
253.463;469.43
233.995;508.168
215.35;518.724
226.699;515.543
271.472;433.245
202.587;509.182
208.654;470.347
199.505;499.852
235.124;485.145
221.166;476.613
209.088;544.166
203.089;559.361
222.601;500.49
266.864;430.624
196.377;565.47
208.355;540.886
246.301;490.856
237.42;474.428
214.243;465.196
194.274;537.033
218.925;530.171
203.108;548.53
216.207;504.509
228.155;501.849
230.692;462.014
233.151;506.398
248.372;449.464
195.327;503.925
222.587;518.555
282.347;424.054
257.962;448.311
241.096;453.625
220.868;510.158
211.928;479.021
214.1;521.899
242.295;494.057
256.149;438.429
211.835;510.092
205.62;552.758
236.72;491.731
204.66;488.324
246.447;460.816
272.009;441.315
207.504;519.675
286.447;420.247
219.177;492.615
198.671;553.558
230.209;469.433
228.628;488.746
238.558;452.784
201.013;492.947
223.51;465.144
279.55;437.302
204.147;499.569
225.882;502.521
213.473;487.539
246.249;473.167
197.72;505.178
237.774;456.371
249.204;457.899
220.497;498.224
235.192;502.615
258.87;446.184
218.097;524.68
195.147;539.852
291.385;416.475
249.725;484.638
205.834;478.238
230.871;502.181
239.996;489.243
274.887;431.826
241.402;485.705
202.287;530.522
213.04;501.065
196.003;525.849
261.356;446.297
192.426;555.12
246.48;477.682
276.074;423.151
253.687;447.175
253.175;458.326
204.817;554.743
194.168;557.233
208.125;523.7
201.719;549.96
204.262;557.267
195.712;513.524
226.331;466.125
193.293;514.179
227.742;496.452
257.568;444.76
216.505;497.655
211.08;513.964
264.163;436.586
273.738;423.21
205.681;486.267
210.164;518.72
203.272;476.07
218.678;465.937
280.177;422.618
194.552;552.78
239.064;457.366
233.959;483.817
222.843;469.469
231.747;498.219
249.81;440.235
239.666;455.028
217.936;475.833
213.02;485.848
236.907;452.324
275.338;429.388
231.606;487.856
215.226;476.888
246.56;450.79
224.876;479.904
195.973;516.604
200.847;496.965
256.787;471.532
248.527;463.911
199.788;518.815
208.814;533.663
303.127;401.552
209.067;516.368
261.171;442.676
229.57;508.575
244.945;464.85
244.643;454.337
239.595;497.012
208.042;512.977
236.03;471.952
236.205;449.441
245.292;488.162
203.215;550.405
274.723;439.795
271.127;424.424
245.981;468.784
284.797;429.833
238.927;500.684
200.909;542.331
242.101;455.71
235.19;497.713
266.657;433.975
265.319;457.774
209.833;511.18
219.073;501.362
259.774;435.462
203.183;479.422
218.974;533.654
200.866;516.159
275.36;421.915
256.985;454.754
210.227;531.122
250.811;442.28
200.656;514.831
277.415;425.544
197.393;502.145
226.946;483.779
198.37;547.091
257.893;461.7
209.356;497.979
201.933;513.317
204.486;522.322
213.366;515.721
193.09;518.55
251.61;439.742
195.981;559.488
248.349;474.541
242.366;480.001
231.329;476.068
208.865;546.349
192.988;566.317
268.764;444.295
249.778;460.28
191.619;522.28
215.882;473.896
196.357;550.442
221.956;494.804
213.905;469.566
229.833;458.577
201.834;543.972
259.813;438.277
202.012;488.186
242.781;454.696
200.03;520.149
197.65;488.046
261.133;463.182
225.086;509.582
271.897;436.323
301.046;404.019
262.5;432.371
233.897;489.081
199.848;521.853
193.012;563.259
247.661;442.452
253.303;440.274
206.179;488.121
214.219;507.463
216.569;470.652
219.592;471.484
222.769;492.353
270.13;450.857
269.586;448.082
206.839;550.0
203.652;486.693
212.34;496.789
213.868;525.254
208.367;475.187
232.457;479.795
251.36;453.368
222.506;486.63
198.652;556.228
279.972;425.733
194.17;510.473
199.317;508.721
281.537;433.716
230.001;505.709
211.187;540.336
261.966;436.68
254.595;442.059
198.331;481.824
264.09;445.202
208.407;510.693
291.568;411.517
229.36;484.049
267.895;453.418
196.874;529.958
214.852;496.135
229.727;500.474
254.848;473.488
241.801;448.47
250.252;455.546
225.854;499.593
288.635;418.063
256.016;444.473
201.431;506.421
218.116;479.756
281.798;429.952
229.453;473.288
220.231;515.535
230.284;480.798
239.403;463.277
267.067;436.365
253.167;466.175
288.008;415.882
239.729;456.341
232.679;510.454
206.189;515.986
225.285;472.301
198.266;499.326
225.083;482.863
195.679;478.786
195.378;521.0
209.951;507.011
206.533;521.353
211.948;469.544
203.555;482.856
202.291;511.979
215.708;514.24
214.256;485.225
277.148;427.634
207.405;527.141
299.094;408.911
287.852;421.721
261.041;458.237
199.71;504.692
220.203;480.15
228.428;478.42
245.723;486.397
220.196;523.356
232.299;457.088
217.176;535.344
217.723;518.021
192.683;572.126
205.325;545.679
206.596;484.705
263.369;439.198
192.419;497.664
209.053;542.758
227.531;492.13
229.132;510.367
281.507;425.661
255.958;468.455
253.682;477.175
285.317;418.608
237.66;477.306
226.677;512.87
208.726;521.095
297.365;411.941
235.844;487.577
200.118;511.223
266.536;438.652
242.848;445.454
228.119;506.786
232.598;503.185
234.022;468.859
257.458;452.524
273.674;424.054
236.237;494.57
199.136;536.375
241.796;482.06
196.422;483.56
222.012;466.422
207.007;501.192
218.765;473.363
215.251;537.405
244.668;480.907
240.341;450.894
229.654;493.441
240.563;445.97
248.283;452.812
218.754;495.344
236.172;500.659
219.859;475.187
203.658;509.435
264.202;449.149
264.225;460.737
225.69;488.336
243.024;490.756
195.188;481.302
211.456;486.395
192.588;547.75
294.845;410.305
238.17;465.268
250.871;465.201
206.099;518.163
233.617;487.558
196.573;511.674
287.672;425.755
269.714;435.865
232.248;484.282
238.296;471.243
269.326;440.43
216.385;466.637
247.769;476.366
218.119;488.233
198.843;544.777
204.011;512.036
204.469;490.231
240.538;457.44
279.03;433.054
249.439;481.729
241.261;462.491
204.816;480.239
224.895;462.619
193.174;560.507
234.835;505.59
237.783;495.165
215.85;528.108
258.454;442.185
225.982;505.054
221.599;496.926
221.702;461.954
234.174;480.075
234.089;454.248
196.078;498.572
279.927;435.126
231.72;506.011
197.203;496.476
243.532;461.961
221.545;514.904
213.93;536.134
229.653;513.884
210.783;538.188
272.904;424.428
200.167;523.845
245.291;470.718
211.639;483.833
195.019;561.575
195.023;523.715
244.872;450.355
275.528;436.42
249.453;445.833
221.128;488.571
191.251;514.689
205.761;493.927
211.644;499.557
220.947;479.005
262.046;453.803
239.956;476.553
247.191;456.233
243.691;460.096
198.561;527.85
217.033;537.025
284.223;421.742
213.654;539.664
247.419;466.115
201.014;526.694
277.964;423.297
209.648;502.935
266.547;447.48
200.113;484.813
196.139;567.443
216.929;478.406
258.614;470.607
265.101;434.754
202.09;546.349
201.069;482.245
197.227;519.409
230.261;454.761
212.268;489.563
215.869;523.859
285.938;424.95
222.093;522.114
209.806;477.505
236.208;479.95
211.812;531.893
288.751;419.479
187.313;561.382
180.373;554.249
167.546;495.276
179.261;551.06
169.353;553.658
186.563;567.299
127.739;520.128
189.426;561.2
185.577;530.368
165.762;548.451
166.854;506.613
160.706;555.597
164.256;514.668
147.99;511.248
145.679;536.261
174.685;502.909
151.905;512.231
169.919;514.183
179.721;557.474
192.585;527.152
180.37;511.754
155.173;528.344
128.073;530.724
155.786;508.609
173.076;551.896
176.13;511.867
131.816;530.208
182.719;532.301
170.97;529.472
136.345;514.232
166.75;523.161
189.32;551.247
163.232;545.539
175.185;519.65
170.059;550.46
173.431;509.627
184.28;544.635
182.773;546.075
163.81;557.795
159.229;528.432
139.543;514.404
186.34;547.657
165.237;533.248
174.087;541.095
179.255;564.483
172.137;506.265
159.144;537.488
189.274;511.667
130.909;535.275
157.217;541.584
158.771;540.466
179.998;552.217
191.307;564.089
187.398;541.974
125.825;521.41
141.967;516.792
160.084;519.194
117.255;526.428
173.984;561.335
151.982;548.655
153.288;531.726
181.861;549.656
155.55;553.334
151.789;543.702
184.233;488.177
178.671;544.539
148.631;528.702
172.779;514.053
137.247;525.608
154.886;511.99
124.117;523.066
181.967;534.967
169.832;517.413
160.283;556.658
180.908;562.649
167.109;550.391
153.127;551.067
181.399;496.663
179.582;528.834
156.091;511.417
144.061;544.944
142.69;540.744
133.154;525.445
139.156;539.282
187.428;553.291
177.364;539.128
192.437;490.708
190.968;503.679
156.371;525.976
155.193;549.692
178.712;489.933
172.064;554.765
164.338;519.954
150.544;536.042
178.498;504.921
158.503;544.745
186.995;532.812
171.655;559.755
168.05;502.198
166.91;514.813
160.105;540.176
138.347;534.846
133.469;539.795
182.108;542.045
188.493;485.722
138.679;523.37
168.022;546.799
180.319;531.148
165.705;545.361
153.07;514.652
188.969;528.834
157.504;511.443
141.949;537.613
187.866;559.057
169.479;536.83
122.312;532.803
160.877;526.9
150.068;515.202
155.101;521.607
172.197;498.061
176.79;564.345
160.756;517.171
189.905;566.949
188.723;564.143
178.139;554.95
165.399;529.413
187.451;491.389
175.809;525.424
187.678;509.827
144.907;530.642
165.345;542.766
158.116;546.799
186.544;512.539
121.104;526.461
184.459;570.939
131.991;534.727
168.433;559.84
136.911;531.406
169.474;543.831
181.979;501.356
181.464;567.707
181.006;487.755
155.651;537.845
185.885;490.146
186.622;500.142
156.187;515.211
180.672;548.993
186.349;554.903
153.008;519.733
137.304;541.042
183.198;528.33
145.253;518.719
160.717;515.543
152.535;538.412
182.634;558.285
171.102;526.673
189.247;542.248
186.427;494.21
179.839;527.526
161.104;553.801
186.027;524.588
131.209;532.976
154.195;541.927
187.584;496.358
181.802;538.572
186.074;496.732
156.573;533.949
150.079;540.773
159.643;501.308
156.001;523.632
124.59;526.035
185.693;522.861
145.966;521.331
184.057;521.729
188.685;556.149
134.455;536.812
126.961;528.569
171.255;541.231
185.107;513.991
185.969;518.056
175.914;545.687
191.648;524.489
136.883;528.397
167.471;525.899
188.339;570.397
151.821;546.449
124.337;532.664
191.847;570.398
185.518;556.379
147.496;533.179
129.361;527.981
164.83;540.746
182.508;490.296
171.533;551.115
183.996;548.987
172.187;543.418
141.717;543.55
165.944;555.552
150.785;526.301
192.282;529.644
186.323;516.245
144.851;527.612
187.586;493.119
165.178;536.892
162.809;535.196
175.032;506.112
172.982;516.748
177.875;559.877
170.917;503.963
162.664;504.612
160.987;536.562
184.946;485.167
147.483;548.436
180.821;545.945
180.649;556.004
140.16;531.504
162.74;531.505
165.404;498.7
172.166;508.356
169.626;508.278
191.271;507.418
189.578;525.811
151.857;527.62
185.569;545.346
140.704;527.366
173.124;544.837
191.129;540.258
183.923;553.482
172.415;538.718
149.927;524.586
156.714;551.292
157.127;506.446
165.017;517.418
178.154;552.47
160.901;545.896
174.324;512.703
151.587;529.967
127.947;525.833
164.001;554.68
148.481;538.796
171.887;532.588
168.185;555.775
134.432;516.879
189.415;572.621
167.094;504.545
158.613;521.553
181.762;517.754
153.881;508.451
163.464;549.527
160.767;525.296
188.733;515.752
185.281;553.131
185.212;564.706
162.934;511.917
154.84;506.494
168.754;496.453
170.634;521.434
160.791;513.825
164.888;511.172
167.171;511.769
186.031;542.516
186.996;529.095
186.391;570.9
173.448;559.296
167.495;509.527
181.449;560.184
123.848;534.238
159.927;531.247
143.891;520.55
181.533;520.265
179.302;541.492
182.598;519.738
184.486;536.024
134.988;527.115
153.331;545.475
186.257;503.428
157.06;529.271
142.018;534.085
147.886;525.91
151.514;505.211
178.545;534.617
159.899;534.143
166.909;531.393
155.255;532.309
176.136;550.734
149.433;522.618
170.275;524.196
146.826;528.428
154.752;504.226
122.83;525.187
182.286;551.574
181.752;498.922
174.42;532.156
179.11;521.284
184.119;498.277
182.903;518.636
186.189;527.116
141.689;522.928
177.781;497.081
151.593;533.642
157.749;548.743
189.523;543.983
137.159;516.849
144.737;523.294
176.136;494.223
188.37;506.721
129.669;536.708
163.352;507.331
189.855;495.774
170.173;502.46
142.127;512.051
189.778;553.358
174.439;491.719
129.388;532.439
189.613;546.271
179.012;549.904
143.185;522.484
162.896;524.17
182.953;555.189
177.699;549.239
188.097;540.445
181.687;493.692
167.762;520.262
169.742;499.655
179.858;547.453
191.498;551.966
183.009;515.859
190.364;532.95
174.051;548.036
125.88;535.303
169.787;505.896
185.101;570.056
178.794;516.823
184.994;493.548
171.143;493.689
177.987;506.533
148.507;531.075
184.038;562.23
166.679;558.359
146.791;523.921
183.145;544.538
175.472;540.646
151.295;516.998
160.915;551.933
173.859;495.861
133.538;522.309
149.169;520.095
187.026;565.089
140.349;517.634
181.917;513.346
174.826;563.852
183.263;495.26
148.354;543.547
172.897;528.278
152.518;524.381
175.469;558.83
168.224;529.515
140.786;520.693
144.785;534.221
175.028;553.385
170.533;557.953
176.833;530.394
163.304;501.959
147.361;514.244
176.998;500.025
181.316;544.31
190.486;519.317
170.563;525.729
183.251;556.536
177.161;514.028
185.567;507.183
153.386;510.862
132.319;519.226
172.984;563.457
136.793;542.304
189.553;491.911
179.477;502.502
187.344;569.15
162.832;521.897
184.871;532.226
139.703;512.38
187.767;524.365
188.588;518.951
146.985;516.656
144.323;514.766
167.74;541.336
174.586;508.681
186.356;551.06
187.938;539.098
125.165;527.828
169.57;532.135
147.853;536.093
185.938;520.58
145.301;509.633
191.128;559.578
183.676;525.238
158.975;524.687
171.472;511.893
133.097;532.937
136.934;537.991
155.272;545.012
184.571;496.187
188.893;537.028
149.449;527.111
180.156;518.867
149.41;513.247
172.441;549.923
178.302;492.8
167.349;553.032
170.209;561.597
166.043;502.333
172.169;510.341
190.266;548.699
183.915;518.566
185.747;559.005
178.219;508.9
158.021;553.671
160.214;510.818
183.615;546.79
134.777;531.655
184.278;542.506
175.111;536.189
182.904;491.876
182.597;507.047
164.847;504.132
155.843;517.653
162.107;550.91
182.292;565.468
180.79;526.348
191.696;510.66
189.958;550.043
176.762;543.553
183.622;500.241
182.513;556.986
184.382;529.177
174.814;515.528
133.915;529.292
165.638;552.378
125.682;531.705
147.185;546.257
173.233;522.902
119.87;530.252
188.994;489.543
170.111;556.161
160.44;508.992
163.872;552.96
159.413;512.68
159.482;506.066
116.43;529.603
175.484;556.333
155.129;535.652
127.289;534.159
183.965;568.462
170.518;547.004
181.95;553.455
169.55;525.448
132.248;527.64
150.478;508.12
182.978;486.818
143.263;525.352
129.303;522.915
186.539;536.41
130.464;517.613
162.266;538.804
180.102;523.665
163.667;527.843
176.299;504.835
144.868;537.975
122.749;530.22
142.297;529.838
154.094;529.063
179.571;549.48
162.483;541.343
138.381;519.134